168 58 88 108 140 147 155 195 217 218 217 203 216
192 173 184 201 253 229 254 232 180 215 190 197 181
260 588 122 275 234 232 229 211 186 182 148 160 127
331 640 675 91 275 242 244 225 149 129 128 128 107
421 648 699 700 123 273 216 222 151 148 112 111 81
499 538 530 514 573 148 265 222 164 123 93 78 71
489 372 364 370 343 434 152 275 204 141 108 74 61
517 356 255 209 223 291 415 162 224 162 140 90 69
486 277 172 139 139 183 235 339 236 214 161 142 85
538 273 147 117 76 101 117 152 251 258 202 154 99
491 229 123 88 65 53 66 79 130 203 296 137 124
507 198 128 100 73 50 44 51 75 118 124 270 114 
502 168 99 85 59 39 46 40 42 78 69 87 280